36,1397
0,525
36,1396
36,1395
36,1394
0,524
0,523
0,522
0,521
0,520
0,519
0,518
0,517
0,516
36,1393
36,1392
0,515
0,514
36,1391
36,1390
47,76
36,1389
36,1388
36,1387
36,1386
36,1385
36,1384
36,1383
36,1382
36,1381
36,1380
36,1379
36,1378
36,1377
36,1376
36,1375
36,1374
36,1373
36,1372
36,1371
36,1370
36,1369
36,1368
36,1367
36,1366
36,1365
36,1364
36,1363
36,1362
36,1361
36,1360
36,1359
47,75
36,1358
36,1357
36,1356
36,1355
36,1354
36,1353
36,1352
36,1351
36,1350
36,1349
36,1348
36,1347
36,1346
36,1345
36,1344
36,1343
36,1342
36,1341
36,1340
36,1339
36,1338
36,1337
36,1336
36,1335
36,1334
36,1333
36,1332
36,1331
36,1330
36,1329
36,1328
47,74
36,1327
36,1326
36,1325
36,1324
36,1323
36,1322
36,1321
36,1320
36,1319
36,1318
36,1317
36,1316
36,1315
36,1314
36,1313
36,1312
36,1311
36,1310
36,1309
36,1308
36,1307
36,1306
36,1305
36,1304
36,1303
36,1302
36,1301
36,1300
36,1299
36,1298
36,1297
47,73
36,1296
36,1295
36,1294
36,1293
36,1292
36,1291
36,1290
36,1289
36,1288
36,1287
36,1286
36,1285
36,1284
36,1283
36,1282
36,1281
36,1280
36,1279
36,1278
36,1277
36,1276
36,1275
36,1274
36,1273
36,1272
36,1271
36,1270
36,1269
36,1268
36,1267
36,1266
47,72
36,1265
36,1264
36,1263
36,1262
36,1261
36,1260
36,1259
36,1258
36,1257
36,1256
36,1255
36,1254
36,1253
36,1252
36,1251
36,1250
36,1249
36,1248
36,1247
36,1246
36,1245
36,1244
36,1243
36,1242
36,1241
36,1240
36,1239
36,1238
36,1237
36,1236
36,1235
47,71
36,1234
36,1233
36,1232
36,1231
36,1230
36,1229
36,1228
36,1227
36,1226
36,1225
36,1224
36,1223
36,1222
36,1221
36,1220
36,1219
36,1218
36,1217
36,1216
36,1215
36,1214
36,1213
36,1212
36,1211
36,1210
36,1209
36,1208
36,1207
36,1206
36,1205
36,1204
47,70
36,1203
36,1202
36,1201
36,1200
36,1199
36,1198
36,1197
36,1196
36,1195
36,1194
36,1193
36,1192
36,1191
36,1190
36,1189
36,1188
36,1187
36,1186
36,1185
36,1184
36,1183
36,1182
36,1181
36,1180
36,1179
36,1178
36,1177
36,1176
36,1175
36,1174
36,1173
47,69
36,1172
36,1171
36,1170
36,1169
36,1168
36,1167
36,1166
36,1165
36,1164
36,1163
36,1162
36,1161
36,1160
36,1159
36,1158
36,1157
36,1156
36,1155
36,1154
36,1153
36,1152
36,1151
36,1150
36,1149
36,1148
36,1147
36,1146
36,1145
36,1144
36,1143
36,1142
47,68
36,1141
36,1140
36,1139
36,1138
36,1137
36,1136
36,1135
36,1134
36,1133
36,1132
36,1131
36,1130
36,1129
36,1128
36,1127
36,1126
36,1125
36,1124
36,1123
36,1122
36,1121
36,1120
36,1119
36,1118
36,1117
36,1116
36,1115
36,1114
36,1113
36,1112
36,1111
47,67
36,1110
36,1109
36,1108
36,1107
36,1106
36,1105
36,1104
36,1103
36,1102
36,1101
36,1100
36,1099
36,1098
36,1097
36,1096
36,1095
36,1094
36,1093
36,1092
36,1091
36,1090
36,1089
36,1088
36,1087
36,1086
36,1085
36,1084
36,1083
36,1082
36,1081
36,1080
47,66
36,1079
36,1078
36,1077
36,1076
36,1075
36,1074
36,1073
36,1072
36,1071
36,1070
36,1069
36,1068
36,1067
36,1066
36,1065
36,1064
36,1063
36,1062
36,1061
36,1060
36,1059
36,1058
36,1057
36,1056
36,1055
36,1054
36,1053
36,1052
36,1051
36,1050
36,1049
47,65
36,1048
36,1047
36,1046
36,1045
36,1044
36,1043
36,1042
36,1041
36,1040
36,1039
36,1038
36,1037
36,1036
36,1035
36,1034
36,1033
36,1032
36,1031
36,1030
36,1029
36,1028
36,1027
36,1026
36,1025
36,1024
36,1023
36,1022
36,1021
36,1020
36,1019
36,1018
47,64
36,1017
36,1016
36,1015
36,1014
36,1013
36,1012
36,1011
36,1010
36,1009
36,1008
36,1007
36,1006
36,1005
36,1004
36,1003
36,1002
36,1001
36,1000
36,999
36,998
36,997
36,996
36,995
36,994
36,993
36,992
36,991
36,990
36,989
36,988
36,987
47,35
36,986
36,985
36,984
36,983
36,982
36,981
36,980
36,979
36,978
36,977
36,976
36,975
36,974
36,973
36,972
36,971
36,970
36,969
36,968
36,967
36,966
36,965
36,964
